0.322395 1.0583 
0.656628 0.243202 
0.00209228 3.74138 
0.122492 2.08175 
0.207587 1.56006 
0.575957 0.377432 
0.31461 1.08729 
0.033727 2.96992 
0.640229 0.267838 
0.00883674 3.46941 
0.215677 1.51859 
1.77661e-05 3.97616 
0.0636411 2.59582 
0.189972 1.65443 
0.300651 1.14088 
0.000544481 3.86802 
0.352207 0.952735 
0.202492 1.58677 
0.0121278 3.37892 
0.390377 0.829234 
0.0424038 2.84755 
0.911183 0.0158083 
0.0399583 2.88057 
0.0860408 2.37677 
0.335238 1.01178 
0.718898 0.161289 
0.285196 1.2027 
0.0321082 2.99453 
0.828451 0.0592976 
0.01073 3.4156 
0.950101 0.00498287 
0.502525 0.530086 
0.374067 0.880494 
0.80671 0.075433 
0.784728 0.0937837 
0.00709878 3.52423 
0.00162325 3.77218 
0.0220904 3.16389 
0.0893443 2.34734 
0.861666 0.0384573 
0.556946 0.414021 
0.185359 1.68014 
0.0497587 2.75394 
0.125683 2.05858 
0.00289729 3.69573 
0.411347 0.766458 
0.15582 1.85576 
0.541987 0.444219 
0.0670703 2.55977 
0.999115 1.5656e-06 
0.527825 0.473982 
0.0538836 2.70469 
2.611e-07 3.99711 
0.0732405 2.49738 
0.0144378 3.32274 
0.399886 0.800342 
0.593745 0.344961 
0.111762 2.16247 
0.697377 0.187559 
0.19695 1.61635 
0.0923219 2.32133 
0.045878 2.80233 
0.0291069 3.04195 
0.291631 1.17663 
0.0786194 2.44535 
0.146472 1.91582 
0.0273593 3.07074 
0.233812 1.42953 
0.475537 0.594266 
0.272592 1.25518 
0.245646 1.37413 
0.515465 0.500913 
0.240255 1.39912 
0.746174 0.131 
0.000223814 3.91538 
0.36275 0.91737 
0.423378 0.731957 
0.0366077 2.92762 
0.485607 0.569782 
0.01639 3.27876 
0.45728 0.640344 
0.117928 2.11554 
0.278428 1.23064 
0.177486 1.72502 
0.00389619 3.64725 
0.343234 0.983622 
0.681987 0.207654 
0.169183 1.77381 
0.00475402 3.61043 
0.0573318 2.66507 
0.000821345 3.83791 
0.619387 0.301063 
0.435422 0.698482 
0.161954 1.8176 
0.100956 2.24857 
0.0236435 3.13533 
0.0817744 2.41577 
0.446406 0.668852 
0.143223 1.93725 
0.107552 2.1954 
